{
 "cells": [
  {
   "cell_type": "code",
   "execution_count": 23,
   "metadata": {
    "collapsed": true
   },
   "outputs": [],
   "source": [
    "import numpy as np\n",
    "import pandas as pd\n",
    "import matplotlib.pyplot as plt\n",
    "from sklearn.ensemble import RandomForestClassifier\n",
    "\n",
    "%matplotlib inline\n",
    "\n",
    "\n",
    "DIR = \"./input/\""
   ]
  },
  {
   "cell_type": "code",
   "execution_count": 24,
   "metadata": {
    "collapsed": true
   },
   "outputs": [],
   "source": [
    "df_train = pd.read_csv(DIR+\"train.csv\",\n",
    "                dtype={'PassengerId':np.int32,\n",
    "                       'Survived':np.int32,\n",
    "                       'Pclass':np.int32,\n",
    "                       'Name':object,\n",
    "                       'Sex':\"category\",\n",
    "                       'Age':np.float32,\n",
    "                       'SibSp':np.int32,\n",
    "                       'Parch':np.int32,\n",
    "                       'Ticket':object,\n",
    "                       'Fare':np.float32,\n",
    "                       'Cabin':object,\n",
    "                       'Embarked':\"category\"})\n",
    "df_train[\"data\"] = \"train\"\n",
    "df_test = pd.read_csv(DIR+\"test.csv\",\n",
    "                      dtype={'PassengerId':np.int32,\n",
    "#                        'Survived':np.int32,\n",
    "                       'Pclass':np.int32,\n",
    "                       'Name':object,\n",
    "                       'Sex':\"category\",\n",
    "                       'Age':np.float32,\n",
    "                       'SibSp':np.int32,\n",
    "                       'Parch':np.int32,\n",
    "                       'Ticket':object,\n",
    "                       'Fare':np.float32,\n",
    "                       'Cabin':object,\n",
    "                       'Embarked':\"category\"})\n",
    "df_test[\"data\"] = \"test\""
   ]
  },
  {
   "cell_type": "code",
   "execution_count": 25,
   "metadata": {
    "collapsed": true
   },
   "outputs": [],
   "source": [
    "df = pd.concat((df_train,df_test))\n",
    "df.reset_index(inplace=True)"
   ]
  },
  {
   "cell_type": "code",
   "execution_count": 26,
   "metadata": {
    "scrolled": true
   },
   "outputs": [
    {
     "data": {
      "text/html": [
       "<div>\n",
       "<style>\n",
       "    .dataframe thead tr:only-child th {\n",
       "        text-align: right;\n",
       "    }\n",
       "\n",
       "    .dataframe thead th {\n",
       "        text-align: left;\n",
       "    }\n",
       "\n",
       "    .dataframe tbody tr th {\n",
       "        vertical-align: top;\n",
       "    }\n",
       "</style>\n",
       "<table border=\"1\" class=\"dataframe\">\n",
       "  <thead>\n",
       "    <tr style=\"text-align: right;\">\n",
       "      <th></th>\n",
       "      <th>index</th>\n",
       "      <th>Age</th>\n",
       "      <th>Cabin</th>\n",
       "      <th>Embarked</th>\n",
       "      <th>Fare</th>\n",
       "      <th>Name</th>\n",
       "      <th>Parch</th>\n",
       "      <th>PassengerId</th>\n",
       "      <th>Pclass</th>\n",
       "      <th>Sex</th>\n",
       "      <th>SibSp</th>\n",
       "      <th>Survived</th>\n",
       "      <th>Ticket</th>\n",
       "      <th>data</th>\n",
       "    </tr>\n",
       "  </thead>\n",
       "  <tbody>\n",
       "    <tr>\n",
       "      <th>0</th>\n",
       "      <td>0</td>\n",
       "      <td>22.0</td>\n",
       "      <td>NaN</td>\n",
       "      <td>S</td>\n",
       "      <td>7.250000</td>\n",
       "      <td>Braund, Mr. Owen Harris</td>\n",
       "      <td>0</td>\n",
       "      <td>1</td>\n",
       "      <td>3</td>\n",
       "      <td>male</td>\n",
       "      <td>1</td>\n",
       "      <td>0.0</td>\n",
       "      <td>A/5 21171</td>\n",
       "      <td>train</td>\n",
       "    </tr>\n",
       "    <tr>\n",
       "      <th>1</th>\n",
       "      <td>1</td>\n",
       "      <td>38.0</td>\n",
       "      <td>C85</td>\n",
       "      <td>C</td>\n",
       "      <td>71.283302</td>\n",
       "      <td>Cumings, Mrs. John Bradley (Florence Briggs Th...</td>\n",
       "      <td>0</td>\n",
       "      <td>2</td>\n",
       "      <td>1</td>\n",
       "      <td>female</td>\n",
       "      <td>1</td>\n",
       "      <td>1.0</td>\n",
       "      <td>PC 17599</td>\n",
       "      <td>train</td>\n",
       "    </tr>\n",
       "    <tr>\n",
       "      <th>2</th>\n",
       "      <td>2</td>\n",
       "      <td>26.0</td>\n",
       "      <td>NaN</td>\n",
       "      <td>S</td>\n",
       "      <td>7.925000</td>\n",
       "      <td>Heikkinen, Miss. Laina</td>\n",
       "      <td>0</td>\n",
       "      <td>3</td>\n",
       "      <td>3</td>\n",
       "      <td>female</td>\n",
       "      <td>0</td>\n",
       "      <td>1.0</td>\n",
       "      <td>STON/O2. 3101282</td>\n",
       "      <td>train</td>\n",
       "    </tr>\n",
       "    <tr>\n",
       "      <th>3</th>\n",
       "      <td>3</td>\n",
       "      <td>35.0</td>\n",
       "      <td>C123</td>\n",
       "      <td>S</td>\n",
       "      <td>53.099998</td>\n",
       "      <td>Futrelle, Mrs. Jacques Heath (Lily May Peel)</td>\n",
       "      <td>0</td>\n",
       "      <td>4</td>\n",
       "      <td>1</td>\n",
       "      <td>female</td>\n",
       "      <td>1</td>\n",
       "      <td>1.0</td>\n",
       "      <td>113803</td>\n",
       "      <td>train</td>\n",
       "    </tr>\n",
       "    <tr>\n",
       "      <th>4</th>\n",
       "      <td>4</td>\n",
       "      <td>35.0</td>\n",
       "      <td>NaN</td>\n",
       "      <td>S</td>\n",
       "      <td>8.050000</td>\n",
       "      <td>Allen, Mr. William Henry</td>\n",
       "      <td>0</td>\n",
       "      <td>5</td>\n",
       "      <td>3</td>\n",
       "      <td>male</td>\n",
       "      <td>0</td>\n",
       "      <td>0.0</td>\n",
       "      <td>373450</td>\n",
       "      <td>train</td>\n",
       "    </tr>\n",
       "  </tbody>\n",
       "</table>\n",
       "</div>"
      ],
      "text/plain": [
       "   index   Age Cabin Embarked       Fare  \\\n",
       "0      0  22.0   NaN        S   7.250000   \n",
       "1      1  38.0   C85        C  71.283302   \n",
       "2      2  26.0   NaN        S   7.925000   \n",
       "3      3  35.0  C123        S  53.099998   \n",
       "4      4  35.0   NaN        S   8.050000   \n",
       "\n",
       "                                                Name  Parch  PassengerId  \\\n",
       "0                            Braund, Mr. Owen Harris      0            1   \n",
       "1  Cumings, Mrs. John Bradley (Florence Briggs Th...      0            2   \n",
       "2                             Heikkinen, Miss. Laina      0            3   \n",
       "3       Futrelle, Mrs. Jacques Heath (Lily May Peel)      0            4   \n",
       "4                           Allen, Mr. William Henry      0            5   \n",
       "\n",
       "   Pclass     Sex  SibSp  Survived            Ticket   data  \n",
       "0       3    male      1       0.0         A/5 21171  train  \n",
       "1       1  female      1       1.0          PC 17599  train  \n",
       "2       3  female      0       1.0  STON/O2. 3101282  train  \n",
       "3       1  female      1       1.0            113803  train  \n",
       "4       3    male      0       0.0            373450  train  "
      ]
     },
     "execution_count": 26,
     "metadata": {},
     "output_type": "execute_result"
    }
   ],
   "source": [
    "df.head()"
   ]
  },
  {
   "cell_type": "code",
   "execution_count": 79,
   "metadata": {},
   "outputs": [
    {
     "data": {
      "text/html": [
       "<div>\n",
       "<style>\n",
       "    .dataframe thead tr:only-child th {\n",
       "        text-align: right;\n",
       "    }\n",
       "\n",
       "    .dataframe thead th {\n",
       "        text-align: left;\n",
       "    }\n",
       "\n",
       "    .dataframe tbody tr th {\n",
       "        vertical-align: top;\n",
       "    }\n",
       "</style>\n",
       "<table border=\"1\" class=\"dataframe\">\n",
       "  <thead>\n",
       "    <tr style=\"text-align: right;\">\n",
       "      <th></th>\n",
       "      <th>PassengerId</th>\n",
       "      <th>Age</th>\n",
       "      <th>Parch</th>\n",
       "      <th>Pclass</th>\n",
       "      <th>SibSp</th>\n",
       "      <th>Survived</th>\n",
       "      <th>male</th>\n",
       "      <th>Q</th>\n",
       "      <th>S</th>\n",
       "      <th>B</th>\n",
       "      <th>C</th>\n",
       "      <th>D</th>\n",
       "      <th>E</th>\n",
       "      <th>F</th>\n",
       "      <th>G</th>\n",
       "      <th>N</th>\n",
       "      <th>T</th>\n",
       "    </tr>\n",
       "  </thead>\n",
       "  <tbody>\n",
       "    <tr>\n",
       "      <th>PassengerId</th>\n",
       "      <td>1.000000</td>\n",
       "      <td>0.025799</td>\n",
       "      <td>0.008942</td>\n",
       "      <td>-0.038354</td>\n",
       "      <td>-0.055224</td>\n",
       "      <td>-0.005007</td>\n",
       "      <td>0.013406</td>\n",
       "      <td>0.011585</td>\n",
       "      <td>-0.047923</td>\n",
       "      <td>0.015895</td>\n",
       "      <td>0.006092</td>\n",
       "      <td>0.000549</td>\n",
       "      <td>-0.008136</td>\n",
       "      <td>0.000306</td>\n",
       "      <td>-0.045949</td>\n",
       "      <td>0.000208</td>\n",
       "      <td>-0.023049</td>\n",
       "    </tr>\n",
       "    <tr>\n",
       "      <th>Age</th>\n",
       "      <td>0.025799</td>\n",
       "      <td>1.000000</td>\n",
       "      <td>-0.125851</td>\n",
       "      <td>-0.377908</td>\n",
       "      <td>-0.189972</td>\n",
       "      <td>-0.064910</td>\n",
       "      <td>0.053663</td>\n",
       "      <td>-0.031132</td>\n",
       "      <td>-0.051625</td>\n",
       "      <td>0.118935</td>\n",
       "      <td>0.172404</td>\n",
       "      <td>0.135830</td>\n",
       "      <td>0.109768</td>\n",
       "      <td>-0.071439</td>\n",
       "      <td>-0.084016</td>\n",
       "      <td>-0.281124</td>\n",
       "      <td>0.033215</td>\n",
       "    </tr>\n",
       "    <tr>\n",
       "      <th>Parch</th>\n",
       "      <td>0.008942</td>\n",
       "      <td>-0.125851</td>\n",
       "      <td>1.000000</td>\n",
       "      <td>0.018322</td>\n",
       "      <td>0.373587</td>\n",
       "      <td>0.081629</td>\n",
       "      <td>-0.213125</td>\n",
       "      <td>-0.100943</td>\n",
       "      <td>0.073258</td>\n",
       "      <td>0.073051</td>\n",
       "      <td>0.009601</td>\n",
       "      <td>-0.027385</td>\n",
       "      <td>0.001084</td>\n",
       "      <td>0.020481</td>\n",
       "      <td>0.058325</td>\n",
       "      <td>-0.036806</td>\n",
       "      <td>-0.012304</td>\n",
       "    </tr>\n",
       "    <tr>\n",
       "      <th>Pclass</th>\n",
       "      <td>-0.038354</td>\n",
       "      <td>-0.377908</td>\n",
       "      <td>0.018322</td>\n",
       "      <td>1.000000</td>\n",
       "      <td>0.060832</td>\n",
       "      <td>-0.338481</td>\n",
       "      <td>0.124617</td>\n",
       "      <td>0.230491</td>\n",
       "      <td>0.096335</td>\n",
       "      <td>-0.353414</td>\n",
       "      <td>-0.430044</td>\n",
       "      <td>-0.265341</td>\n",
       "      <td>-0.225649</td>\n",
       "      <td>0.013122</td>\n",
       "      <td>0.052133</td>\n",
       "      <td>0.713857</td>\n",
       "      <td>-0.042750</td>\n",
       "    </tr>\n",
       "    <tr>\n",
       "      <th>SibSp</th>\n",
       "      <td>-0.055224</td>\n",
       "      <td>-0.189972</td>\n",
       "      <td>0.373587</td>\n",
       "      <td>0.060832</td>\n",
       "      <td>1.000000</td>\n",
       "      <td>-0.035322</td>\n",
       "      <td>-0.109609</td>\n",
       "      <td>-0.048678</td>\n",
       "      <td>0.075198</td>\n",
       "      <td>-0.011569</td>\n",
       "      <td>0.048616</td>\n",
       "      <td>-0.015727</td>\n",
       "      <td>-0.027180</td>\n",
       "      <td>-0.008619</td>\n",
       "      <td>0.006015</td>\n",
       "      <td>0.009064</td>\n",
       "      <td>-0.013247</td>\n",
       "    </tr>\n",
       "    <tr>\n",
       "      <th>Survived</th>\n",
       "      <td>-0.005007</td>\n",
       "      <td>-0.064910</td>\n",
       "      <td>0.081629</td>\n",
       "      <td>-0.338481</td>\n",
       "      <td>-0.035322</td>\n",
       "      <td>1.000000</td>\n",
       "      <td>-0.543351</td>\n",
       "      <td>0.003650</td>\n",
       "      <td>-0.155660</td>\n",
       "      <td>0.175095</td>\n",
       "      <td>0.114652</td>\n",
       "      <td>0.150716</td>\n",
       "      <td>0.145321</td>\n",
       "      <td>0.057935</td>\n",
       "      <td>0.016040</td>\n",
       "      <td>-0.316912</td>\n",
       "      <td>-0.026456</td>\n",
       "    </tr>\n",
       "    <tr>\n",
       "      <th>male</th>\n",
       "      <td>0.013406</td>\n",
       "      <td>0.053663</td>\n",
       "      <td>-0.213125</td>\n",
       "      <td>0.124617</td>\n",
       "      <td>-0.109609</td>\n",
       "      <td>-0.543351</td>\n",
       "      <td>1.000000</td>\n",
       "      <td>-0.088651</td>\n",
       "      <td>0.119504</td>\n",
       "      <td>-0.094453</td>\n",
       "      <td>-0.077473</td>\n",
       "      <td>-0.057396</td>\n",
       "      <td>-0.040340</td>\n",
       "      <td>-0.006655</td>\n",
       "      <td>-0.083285</td>\n",
       "      <td>0.137396</td>\n",
       "      <td>0.020558</td>\n",
       "    </tr>\n",
       "    <tr>\n",
       "      <th>Q</th>\n",
       "      <td>0.011585</td>\n",
       "      <td>-0.031132</td>\n",
       "      <td>-0.100943</td>\n",
       "      <td>0.230491</td>\n",
       "      <td>-0.048678</td>\n",
       "      <td>0.003650</td>\n",
       "      <td>-0.088651</td>\n",
       "      <td>1.000000</td>\n",
       "      <td>-0.489874</td>\n",
       "      <td>-0.073613</td>\n",
       "      <td>-0.059151</td>\n",
       "      <td>-0.061459</td>\n",
       "      <td>-0.042877</td>\n",
       "      <td>-0.020282</td>\n",
       "      <td>-0.019941</td>\n",
       "      <td>0.142369</td>\n",
       "      <td>-0.008904</td>\n",
       "    </tr>\n",
       "    <tr>\n",
       "      <th>S</th>\n",
       "      <td>-0.047923</td>\n",
       "      <td>-0.051625</td>\n",
       "      <td>0.073258</td>\n",
       "      <td>0.096335</td>\n",
       "      <td>0.075198</td>\n",
       "      <td>-0.155660</td>\n",
       "      <td>0.119504</td>\n",
       "      <td>-0.489874</td>\n",
       "      <td>1.000000</td>\n",
       "      <td>-0.110214</td>\n",
       "      <td>-0.100788</td>\n",
       "      <td>-0.055307</td>\n",
       "      <td>0.003555</td>\n",
       "      <td>0.030956</td>\n",
       "      <td>0.040707</td>\n",
       "      <td>0.143324</td>\n",
       "      <td>0.018177</td>\n",
       "    </tr>\n",
       "    <tr>\n",
       "      <th>B</th>\n",
       "      <td>0.015895</td>\n",
       "      <td>0.118935</td>\n",
       "      <td>0.073051</td>\n",
       "      <td>-0.353414</td>\n",
       "      <td>-0.011569</td>\n",
       "      <td>0.175095</td>\n",
       "      <td>-0.094453</td>\n",
       "      <td>-0.073613</td>\n",
       "      <td>-0.110214</td>\n",
       "      <td>1.000000</td>\n",
       "      <td>-0.063580</td>\n",
       "      <td>-0.043624</td>\n",
       "      <td>-0.041103</td>\n",
       "      <td>-0.029188</td>\n",
       "      <td>-0.014154</td>\n",
       "      <td>-0.423794</td>\n",
       "      <td>-0.006320</td>\n",
       "    </tr>\n",
       "    <tr>\n",
       "      <th>C</th>\n",
       "      <td>0.006092</td>\n",
       "      <td>0.172404</td>\n",
       "      <td>0.009601</td>\n",
       "      <td>-0.430044</td>\n",
       "      <td>0.048616</td>\n",
       "      <td>0.114652</td>\n",
       "      <td>-0.077473</td>\n",
       "      <td>-0.059151</td>\n",
       "      <td>-0.100788</td>\n",
       "      <td>-0.063580</td>\n",
       "      <td>1.000000</td>\n",
       "      <td>-0.053083</td>\n",
       "      <td>-0.050016</td>\n",
       "      <td>-0.035516</td>\n",
       "      <td>-0.017224</td>\n",
       "      <td>-0.515684</td>\n",
       "      <td>-0.007691</td>\n",
       "    </tr>\n",
       "    <tr>\n",
       "      <th>D</th>\n",
       "      <td>0.000549</td>\n",
       "      <td>0.135830</td>\n",
       "      <td>-0.027385</td>\n",
       "      <td>-0.265341</td>\n",
       "      <td>-0.015727</td>\n",
       "      <td>0.150716</td>\n",
       "      <td>-0.057396</td>\n",
       "      <td>-0.061459</td>\n",
       "      <td>-0.055307</td>\n",
       "      <td>-0.043624</td>\n",
       "      <td>-0.053083</td>\n",
       "      <td>1.000000</td>\n",
       "      <td>-0.034317</td>\n",
       "      <td>-0.024369</td>\n",
       "      <td>-0.011817</td>\n",
       "      <td>-0.353822</td>\n",
       "      <td>-0.005277</td>\n",
       "    </tr>\n",
       "    <tr>\n",
       "      <th>E</th>\n",
       "      <td>-0.008136</td>\n",
       "      <td>0.109768</td>\n",
       "      <td>0.001084</td>\n",
       "      <td>-0.225649</td>\n",
       "      <td>-0.027180</td>\n",
       "      <td>0.145321</td>\n",
       "      <td>-0.040340</td>\n",
       "      <td>-0.042877</td>\n",
       "      <td>0.003555</td>\n",
       "      <td>-0.041103</td>\n",
       "      <td>-0.050016</td>\n",
       "      <td>-0.034317</td>\n",
       "      <td>1.000000</td>\n",
       "      <td>-0.022961</td>\n",
       "      <td>-0.011135</td>\n",
       "      <td>-0.333381</td>\n",
       "      <td>-0.004972</td>\n",
       "    </tr>\n",
       "    <tr>\n",
       "      <th>F</th>\n",
       "      <td>0.000306</td>\n",
       "      <td>-0.071439</td>\n",
       "      <td>0.020481</td>\n",
       "      <td>0.013122</td>\n",
       "      <td>-0.008619</td>\n",
       "      <td>0.057935</td>\n",
       "      <td>-0.006655</td>\n",
       "      <td>-0.020282</td>\n",
       "      <td>0.030956</td>\n",
       "      <td>-0.029188</td>\n",
       "      <td>-0.035516</td>\n",
       "      <td>-0.024369</td>\n",
       "      <td>-0.022961</td>\n",
       "      <td>1.000000</td>\n",
       "      <td>-0.007907</td>\n",
       "      <td>-0.236733</td>\n",
       "      <td>-0.003531</td>\n",
       "    </tr>\n",
       "    <tr>\n",
       "      <th>G</th>\n",
       "      <td>-0.045949</td>\n",
       "      <td>-0.084016</td>\n",
       "      <td>0.058325</td>\n",
       "      <td>0.052133</td>\n",
       "      <td>0.006015</td>\n",
       "      <td>0.016040</td>\n",
       "      <td>-0.083285</td>\n",
       "      <td>-0.019941</td>\n",
       "      <td>0.040707</td>\n",
       "      <td>-0.014154</td>\n",
       "      <td>-0.017224</td>\n",
       "      <td>-0.011817</td>\n",
       "      <td>-0.011135</td>\n",
       "      <td>-0.007907</td>\n",
       "      <td>1.000000</td>\n",
       "      <td>-0.114803</td>\n",
       "      <td>-0.001712</td>\n",
       "    </tr>\n",
       "    <tr>\n",
       "      <th>N</th>\n",
       "      <td>0.000208</td>\n",
       "      <td>-0.281124</td>\n",
       "      <td>-0.036806</td>\n",
       "      <td>0.713857</td>\n",
       "      <td>0.009064</td>\n",
       "      <td>-0.316912</td>\n",
       "      <td>0.137396</td>\n",
       "      <td>0.142369</td>\n",
       "      <td>0.143324</td>\n",
       "      <td>-0.423794</td>\n",
       "      <td>-0.515684</td>\n",
       "      <td>-0.353822</td>\n",
       "      <td>-0.333381</td>\n",
       "      <td>-0.236733</td>\n",
       "      <td>-0.114803</td>\n",
       "      <td>1.000000</td>\n",
       "      <td>-0.051263</td>\n",
       "    </tr>\n",
       "    <tr>\n",
       "      <th>T</th>\n",
       "      <td>-0.023049</td>\n",
       "      <td>0.033215</td>\n",
       "      <td>-0.012304</td>\n",
       "      <td>-0.042750</td>\n",
       "      <td>-0.013247</td>\n",
       "      <td>-0.026456</td>\n",
       "      <td>0.020558</td>\n",
       "      <td>-0.008904</td>\n",
       "      <td>0.018177</td>\n",
       "      <td>-0.006320</td>\n",
       "      <td>-0.007691</td>\n",
       "      <td>-0.005277</td>\n",
       "      <td>-0.004972</td>\n",
       "      <td>-0.003531</td>\n",
       "      <td>-0.001712</td>\n",
       "      <td>-0.051263</td>\n",
       "      <td>1.000000</td>\n",
       "    </tr>\n",
       "  </tbody>\n",
       "</table>\n",
       "</div>"
      ],
      "text/plain": [
       "             PassengerId       Age     Parch    Pclass     SibSp  Survived  \\\n",
       "PassengerId     1.000000  0.025799  0.008942 -0.038354 -0.055224 -0.005007   \n",
       "Age             0.025799  1.000000 -0.125851 -0.377908 -0.189972 -0.064910   \n",
       "Parch           0.008942 -0.125851  1.000000  0.018322  0.373587  0.081629   \n",
       "Pclass         -0.038354 -0.377908  0.018322  1.000000  0.060832 -0.338481   \n",
       "SibSp          -0.055224 -0.189972  0.373587  0.060832  1.000000 -0.035322   \n",
       "Survived       -0.005007 -0.064910  0.081629 -0.338481 -0.035322  1.000000   \n",
       "male            0.013406  0.053663 -0.213125  0.124617 -0.109609 -0.543351   \n",
       "Q               0.011585 -0.031132 -0.100943  0.230491 -0.048678  0.003650   \n",
       "S              -0.047923 -0.051625  0.073258  0.096335  0.075198 -0.155660   \n",
       "B               0.015895  0.118935  0.073051 -0.353414 -0.011569  0.175095   \n",
       "C               0.006092  0.172404  0.009601 -0.430044  0.048616  0.114652   \n",
       "D               0.000549  0.135830 -0.027385 -0.265341 -0.015727  0.150716   \n",
       "E              -0.008136  0.109768  0.001084 -0.225649 -0.027180  0.145321   \n",
       "F               0.000306 -0.071439  0.020481  0.013122 -0.008619  0.057935   \n",
       "G              -0.045949 -0.084016  0.058325  0.052133  0.006015  0.016040   \n",
       "N               0.000208 -0.281124 -0.036806  0.713857  0.009064 -0.316912   \n",
       "T              -0.023049  0.033215 -0.012304 -0.042750 -0.013247 -0.026456   \n",
       "\n",
       "                 male         Q         S         B         C         D  \\\n",
       "PassengerId  0.013406  0.011585 -0.047923  0.015895  0.006092  0.000549   \n",
       "Age          0.053663 -0.031132 -0.051625  0.118935  0.172404  0.135830   \n",
       "Parch       -0.213125 -0.100943  0.073258  0.073051  0.009601 -0.027385   \n",
       "Pclass       0.124617  0.230491  0.096335 -0.353414 -0.430044 -0.265341   \n",
       "SibSp       -0.109609 -0.048678  0.075198 -0.011569  0.048616 -0.015727   \n",
       "Survived    -0.543351  0.003650 -0.155660  0.175095  0.114652  0.150716   \n",
       "male         1.000000 -0.088651  0.119504 -0.094453 -0.077473 -0.057396   \n",
       "Q           -0.088651  1.000000 -0.489874 -0.073613 -0.059151 -0.061459   \n",
       "S            0.119504 -0.489874  1.000000 -0.110214 -0.100788 -0.055307   \n",
       "B           -0.094453 -0.073613 -0.110214  1.000000 -0.063580 -0.043624   \n",
       "C           -0.077473 -0.059151 -0.100788 -0.063580  1.000000 -0.053083   \n",
       "D           -0.057396 -0.061459 -0.055307 -0.043624 -0.053083  1.000000   \n",
       "E           -0.040340 -0.042877  0.003555 -0.041103 -0.050016 -0.034317   \n",
       "F           -0.006655 -0.020282  0.030956 -0.029188 -0.035516 -0.024369   \n",
       "G           -0.083285 -0.019941  0.040707 -0.014154 -0.017224 -0.011817   \n",
       "N            0.137396  0.142369  0.143324 -0.423794 -0.515684 -0.353822   \n",
       "T            0.020558 -0.008904  0.018177 -0.006320 -0.007691 -0.005277   \n",
       "\n",
       "                    E         F         G         N         T  \n",
       "PassengerId -0.008136  0.000306 -0.045949  0.000208 -0.023049  \n",
       "Age          0.109768 -0.071439 -0.084016 -0.281124  0.033215  \n",
       "Parch        0.001084  0.020481  0.058325 -0.036806 -0.012304  \n",
       "Pclass      -0.225649  0.013122  0.052133  0.713857 -0.042750  \n",
       "SibSp       -0.027180 -0.008619  0.006015  0.009064 -0.013247  \n",
       "Survived     0.145321  0.057935  0.016040 -0.316912 -0.026456  \n",
       "male        -0.040340 -0.006655 -0.083285  0.137396  0.020558  \n",
       "Q           -0.042877 -0.020282 -0.019941  0.142369 -0.008904  \n",
       "S            0.003555  0.030956  0.040707  0.143324  0.018177  \n",
       "B           -0.041103 -0.029188 -0.014154 -0.423794 -0.006320  \n",
       "C           -0.050016 -0.035516 -0.017224 -0.515684 -0.007691  \n",
       "D           -0.034317 -0.024369 -0.011817 -0.353822 -0.005277  \n",
       "E            1.000000 -0.022961 -0.011135 -0.333381 -0.004972  \n",
       "F           -0.022961  1.000000 -0.007907 -0.236733 -0.003531  \n",
       "G           -0.011135 -0.007907  1.000000 -0.114803 -0.001712  \n",
       "N           -0.333381 -0.236733 -0.114803  1.000000 -0.051263  \n",
       "T           -0.004972 -0.003531 -0.001712 -0.051263  1.000000  "
      ]
     },
     "execution_count": 79,
     "metadata": {},
     "output_type": "execute_result"
    }
   ],
   "source": [
    "df.corr()"
   ]
  },
  {
   "cell_type": "markdown",
   "metadata": {},
   "source": [
    "## Sex,Embarkedのダミー変数"
   ]
  },
  {
   "cell_type": "code",
   "execution_count": 64,
   "metadata": {
    "collapsed": true
   },
   "outputs": [],
   "source": [
    "df = pd.concat([df,pd.get_dummies(df.Sex,drop_first=True)],axis=1)\n",
    "df = pd.concat([df,pd.get_dummies(df.Embarked,drop_first=True)],axis=1)"
   ]
  },
  {
   "cell_type": "markdown",
   "metadata": {},
   "source": [
    "## Cabinのイニシャルをdeckとして追加(精度を下げるので意味なし）"
   ]
  },
  {
   "cell_type": "markdown",
   "metadata": {},
   "source": [
    "* そもそもデータが入ってる行も少ないので入れるべきではなさそう"
   ]
  },
  {
   "cell_type": "code",
   "execution_count": 53,
   "metadata": {
    "collapsed": true
   },
   "outputs": [],
   "source": [
    "deck = [x[0] if x == x  else \"N\" for x in df.Cabin]"
   ]
  },
  {
   "cell_type": "code",
   "execution_count": 58,
   "metadata": {
    "collapsed": true
   },
   "outputs": [],
   "source": [
    "df[\"Deck\"] = deck\n",
    "df = pd.concat([df,pd.get_dummies(df.Deck,drop_first=True)],axis=1)"
   ]
  },
  {
   "cell_type": "markdown",
   "metadata": {},
   "source": [
    "## NA値を埋める"
   ]
  },
  {
   "cell_type": "code",
   "execution_count": 59,
   "metadata": {},
   "outputs": [
    {
     "data": {
      "text/plain": [
       "(array([  72.,   62.,  274.,  250.,  161.,  108.,   65.,   41.,   10.,    3.]),\n",
       " array([  0.17 ,   8.153,  16.136,  24.119,  32.102,  40.085,  48.068,\n",
       "         56.051,  64.034,  72.017,  80.   ]),\n",
       " <a list of 10 Patch objects>)"
      ]
     },
     "execution_count": 59,
     "metadata": {},
     "output_type": "execute_result"
    },
    {
     "data": {
      "image/png": "iVBORw0KGgoAAAANSUhEUgAAAXoAAAD8CAYAAAB5Pm/hAAAABHNCSVQICAgIfAhkiAAAAAlwSFlz\nAAALEgAACxIB0t1+/AAAD2lJREFUeJzt3X+s3XV9x/Hna9SxiUZgvWtqW3bZ1mnqMgu7YRjNgrIp\nPxaryUJKFm0cSf2jZrCYLMUlU7OQYOKPabKR4GDi4kCmOAgQFTsS4xLBFhFbakcnRdoUWn/iZmIs\nvvfH+V451tL749xzv6cfn4/k5Hy/n/M99/vqPaev+72f8z3npqqQJLXrV/oOIEkaL4tekhpn0UtS\n4yx6SWqcRS9JjbPoJalxFr0kNc6il6TGWfSS1LgVfQcAWLlyZU1PT/cdQ5JOKbt27fp2VU3Ntd1E\nFP309DQ7d+7sO4YknVKSPDGf7Zy6kaTGWfSS1DiLXpIaZ9FLUuMseklqnEUvSY2z6CWpcRa9JDXO\nopekxk3EO2O1MNPb7+lt3weuv7y3fUtaHI/oJalxFr0kNc6il6TGWfSS1DiLXpIaZ9FLUuMseklq\nnEUvSY2z6CWpcRa9JDXOopekxln0ktQ4i16SGjdn0SdZl+T+JI8m2ZPk6m78PUkOJXm4u1w2dJ9r\nk+xPsi/JG8b5D5Akndx8Pqb4GPDOqnooyYuBXUnu6277UFW9f3jjJBuAzcArgJcCX0jye1X17FIG\nlyTNz5xH9FV1uKoe6pZ/COwF1pzkLpuA26rqx1X1OLAfuGApwkqSFm5Bc/RJpoHzgAe6oXckeSTJ\nzUnO6sbWAE8O3e0gJ//BIEkao3n/hakkLwI+DVxTVc8kuQH4e6C66w8Af7mAr7cV2ApwzjnnLCSz\netTXX7fyL1tJizevI/okL2BQ8p+oqjsAqurpqnq2qn4KfJTnpmcOAeuG7r62G/s5VXVjVc1U1czU\n1NQo/wZJ0knM56ybADcBe6vqg0Pjq4c2ezOwu1u+C9ic5PQk5wLrgQeXLrIkaSHmM3XzauAtwNeT\nPNyNvQu4MslGBlM3B4C3A1TVniS3A48yOGNnm2fcSFJ/5iz6qvoSkBPcdO9J7nMdcN0IuSRJS8R3\nxkpS4yx6SWqcRS9JjbPoJalxFr0kNc6il6TGWfSS1DiLXpIaZ9FLUuMseklqnEUvSY2z6CWpcRa9\nJDXOopekxln0ktQ4i16SGmfRS1LjLHpJapxFL0mNs+glqXEWvSQ1zqKXpMZZ9JLUOItekhpn0UtS\n4yx6SWqcRS9JjbPoJalxFr0kNW7Ook+yLsn9SR5NsifJ1d342UnuS/JYd31WN54kH0myP8kjSc4f\n9z9CkvT85nNEfwx4Z1VtAC4EtiXZAGwHdlTVemBHtw5wKbC+u2wFbljy1JKkeZuz6KvqcFU91C3/\nENgLrAE2Abd0m90CvKlb3gR8vAa+DJyZZPWSJ5ckzcuC5uiTTAPnAQ8Aq6rqcHfTU8CqbnkN8OTQ\n3Q52Y5KkHsy76JO8CPg0cE1VPTN8W1UVUAvZcZKtSXYm2Xn06NGF3FWStADzKvokL2BQ8p+oqju6\n4adnp2S66yPd+CFg3dDd13ZjP6eqbqyqmaqamZqaWmx+SdIc5nPWTYCbgL1V9cGhm+4CtnTLW4A7\nh8bf2p19cyHwg6EpHknSMlsxj21eDbwF+HqSh7uxdwHXA7cnuQp4Ariiu+1e4DJgP/Aj4G1LmliS\ntCBzFn1VfQnI89x88Qm2L2DbiLkkSUvEd8ZKUuMseklqnEUvSY2z6CWpcRa9JDXOopekxln0ktQ4\ni16SGmfRS1LjLHpJapxFL0mNs+glqXEWvSQ1zqKXpMZZ9JLUOItekhpn0UtS4yx6SWqcRS9JjbPo\nJalxFr0kNc6il6TGWfSS1DiLXpIat6LvANJ8TG+/p7d9H7j+8t72LS0Fj+glqXEWvSQ1zqKXpMZZ\n9JLUuDmLPsnNSY4k2T009p4kh5I83F0uG7rt2iT7k+xL8oZxBZckzc98jug/BlxygvEPVdXG7nIv\nQJINwGbgFd19/inJaUsVVpK0cHMWfVV9EfjuPL/eJuC2qvpxVT0O7AcuGCGfJGlEo8zRvyPJI93U\nzlnd2BrgyaFtDnZjvyDJ1iQ7k+w8evToCDEkSSez2KK/AfgdYCNwGPjAQr9AVd1YVTNVNTM1NbXI\nGJKkuSyq6Kvq6ap6tqp+CnyU56ZnDgHrhjZd241JknqyqKJPsnpo9c3A7Bk5dwGbk5ye5FxgPfDg\naBElSaOY87NuktwKXASsTHIQeDdwUZKNQAEHgLcDVNWeJLcDjwLHgG1V9ex4okuS5mPOoq+qK08w\nfNNJtr8OuG6UUJKkpeM7YyWpcRa9JDXOopekxln0ktQ4i16SGmfRS1LjLHpJapxFL0mNs+glqXEW\nvSQ1zqKXpMZZ9JLUOItekhpn0UtS4yx6SWqcRS9JjbPoJalxFr0kNc6il6TGWfSS1DiLXpIaZ9FL\nUuMseklqnEUvSY2z6CWpcRa9JDVuRd8BpEk3vf2eXvZ74PrLe9mv2uMRvSQ1zqKXpMbNWfRJbk5y\nJMnuobGzk9yX5LHu+qxuPEk+kmR/kkeSnD/O8JKkuc3niP5jwCXHjW0HdlTVemBHtw5wKbC+u2wF\nbliamJKkxZqz6Kvqi8B3jxveBNzSLd8CvGlo/OM18GXgzCSrlyqsJGnhFjtHv6qqDnfLTwGruuU1\nwJND2x3sxn5Bkq1JdibZefTo0UXGkCTNZeQXY6uqgFrE/W6sqpmqmpmamho1hiTpeSy26J+enZLp\nro9044eAdUPbre3GJEk9WWzR3wVs6Za3AHcOjb+1O/vmQuAHQ1M8kqQezPnO2CS3AhcBK5McBN4N\nXA/cnuQq4Angim7ze4HLgP3Aj4C3jSGzJGkB5iz6qrryeW66+ATbFrBt1FCSpKXjO2MlqXEWvSQ1\nzqKXpMZZ9JLUOItekhpn0UtS4yx6SWqcRS9JjbPoJalxFr0kNc6il6TGWfSS1DiLXpIaZ9FLUuMs\neklq3JyfRz/pprff09u+D1x/eW/7lqT58ohekhpn0UtS4yx6SWqcRS9JjbPoJalxp/xZN1Kr+jqj\nzLPJ2uMRvSQ1ziP6EfR5Dr8kzZdH9JLUOItekhpn0UtS4yx6SWrcSC/GJjkA/BB4FjhWVTNJzgY+\nCUwDB4Arqup7o8WUJC3WUhzRv7aqNlbVTLe+HdhRVeuBHd26JKkn45i62QTc0i3fArxpDPuQJM3T\nqEVfwOeT7EqytRtbVVWHu+WngFUj7kOSNIJR3zD1mqo6lOQ3gfuSfGP4xqqqJHWiO3Y/GLYCnHPO\nOSPGkCQ9n5GO6KvqUHd9BPgMcAHwdJLVAN31kee5741VNVNVM1NTU6PEkCSdxKKLPskZSV48uwy8\nHtgN3AVs6TbbAtw5akhJ0uKNMnWzCvhMktmv829V9dkkXwFuT3IV8ARwxegxJUmLteiir6pvAq88\nwfh3gItHCSVJWjq+M1aSGmfRS1Lj/Dx6ST+nz7+z4F+3Gg+P6CWpcRa9JDXOopekxln0ktQ4i16S\nGmfRS1LjLHpJapxFL0mNs+glqXEWvSQ1zqKXpMZZ9JLUOItekhpn0UtS4yx6SWqcRS9JjbPoJalx\nFr0kNc6il6TGWfSS1DiLXpIaZ9FLUuNW9B1AkmZNb7+nl/0euP7yXva7XDyil6TGWfSS1DiLXpIa\nN7aiT3JJkn1J9ifZPq79SJJObixFn+Q04B+BS4ENwJVJNoxjX5KkkxvXWTcXAPur6psASW4DNgGP\njml/krRofZ3tA8tzxs+4pm7WAE8OrR/sxiRJy6y38+iTbAW2dqv/m2TfIr/USuDbS5NqSZlrYcy1\nMJOaCyY320TmyvtGyvVb89loXEV/CFg3tL62G/uZqroRuHHUHSXZWVUzo36dpWauhTHXwkxqLpjc\nbL/MucY1dfMVYH2Sc5P8KrAZuGtM+5IkncRYjuir6liSdwCfA04Dbq6qPePYlyTp5MY2R19V9wL3\njuvrDxl5+mdMzLUw5lqYSc0Fk5vtlzZXqmrc+5Ak9ciPQJCkxp2yRT9JH7GQ5OYkR5LsHho7O8l9\nSR7rrs9a5kzrktyf5NEke5JcPQm5ugy/luTBJF/rsr23Gz83yQPdY/rJ7oX85c52WpKvJrl7UjJ1\nOQ4k+XqSh5Ps7MYm4bE8M8mnknwjyd4kr+o7V5KXdd+n2cszSa7pO1eX7a+75/zuJLd2/xfG/hw7\nJYt+Aj9i4WPAJceNbQd2VNV6YEe3vpyOAe+sqg3AhcC27nvUdy6AHwOvq6pXAhuBS5JcCLwP+FBV\n/S7wPeCqHrJdDewdWp+ETLNeW1Ubh07Fm4TH8sPAZ6vq5cArGXzves1VVfu679NG4A+BHwGf6TtX\nkjXAXwEzVfX7DE5U2cxyPMeq6pS7AK8CPje0fi1wbc+ZpoHdQ+v7gNXd8mpgX8/57gT+dAJzvRB4\nCPgjBm8aWXGix3iZsqxlUACvA+4G0nemoWwHgJXHjfX6WAIvAR6ne61vUnIdl+X1wH9NQi6e+8SA\nsxmcCHM38IbleI6dkkf0nBofsbCqqg53y08Bq/oKkmQaOA94gAnJ1U2RPAwcAe4D/gf4flUd6zbp\n4zH9B+BvgJ92678xAZlmFfD5JLu6d5VD/4/lucBR4F+66a5/TnLGBOQathm4tVvuNVdVHQLeD3wL\nOAz8ANjFMjzHTtWiP6XU4Ed1L6c3JXkR8Gngmqp6ZlJyVdWzNfjVei2DD8F7eR85ZiX5M+BIVe3q\nM8dJvKaqzmcwXbktyR8P39jTY7kCOB+4oarOA/6P46ZDen7u/yrwRuDfj7+tj1zdawKbGPyAfClw\nBr845TsWp2rRz/kRCxPg6SSrAbrrI8sdIMkLGJT8J6rqjknJNayqvg/cz+BX1jOTzL63Y7kf01cD\nb0xyALiNwfTNh3vO9DPd0SBVdYTBfPMF9P9YHgQOVtUD3fqnGBR/37lmXQo8VFVPd+t95/oT4PGq\nOlpVPwHuYPC8G/tz7FQt+lPhIxbuArZ0y1sYzJEvmyQBbgL2VtUHJyVXl20qyZnd8q8zeO1gL4PC\n//M+slXVtVW1tqqmGTyf/rOq/qLPTLOSnJHkxbPLDOadd9PzY1lVTwFPJnlZN3Qxg48i7/051rmS\n56ZtoP9c3wIuTPLC7v/n7Pdr/M+xvl4kWYIXNi4D/pvB3O7f9pzlVgZzbj9hcJRzFYP53R3AY8AX\ngLOXOdNrGPxq+gjwcHe5rO9cXbY/AL7aZdsN/F03/tvAg8B+Br9un97T43kRcPekZOoyfK277Jl9\nvk/IY7kR2Nk9lv8BnDUhuc4AvgO8ZGhsEnK9F/hG97z/V+D05XiO+c5YSWrcqTp1I0maJ4tekhpn\n0UtS4yx6SWqcRS9JjbPoJalxFr0kNc6il6TG/T/xtW43BaPCzwAAAABJRU5ErkJggg==\n",
      "text/plain": [
       "<matplotlib.figure.Figure at 0x10acff978>"
      ]
     },
     "metadata": {},
     "output_type": "display_data"
    }
   ],
   "source": [
    "plt.hist(df[\"Age\"].dropna())"
   ]
  },
  {
   "cell_type": "code",
   "execution_count": 60,
   "metadata": {},
   "outputs": [
    {
     "data": {
      "text/html": [
       "<div>\n",
       "<style>\n",
       "    .dataframe thead tr:only-child th {\n",
       "        text-align: right;\n",
       "    }\n",
       "\n",
       "    .dataframe thead th {\n",
       "        text-align: left;\n",
       "    }\n",
       "\n",
       "    .dataframe tbody tr th {\n",
       "        vertical-align: top;\n",
       "    }\n",
       "</style>\n",
       "<table border=\"1\" class=\"dataframe\">\n",
       "  <thead>\n",
       "    <tr style=\"text-align: right;\">\n",
       "      <th></th>\n",
       "      <th>index</th>\n",
       "      <th>Age</th>\n",
       "      <th>Cabin</th>\n",
       "      <th>Embarked</th>\n",
       "      <th>Fare</th>\n",
       "      <th>Name</th>\n",
       "      <th>Parch</th>\n",
       "      <th>PassengerId</th>\n",
       "      <th>Pclass</th>\n",
       "      <th>Sex</th>\n",
       "      <th>...</th>\n",
       "      <th>data</th>\n",
       "      <th>Deck</th>\n",
       "      <th>B</th>\n",
       "      <th>C</th>\n",
       "      <th>D</th>\n",
       "      <th>E</th>\n",
       "      <th>F</th>\n",
       "      <th>G</th>\n",
       "      <th>N</th>\n",
       "      <th>T</th>\n",
       "    </tr>\n",
       "  </thead>\n",
       "  <tbody>\n",
       "    <tr>\n",
       "      <th>5</th>\n",
       "      <td>5</td>\n",
       "      <td>NaN</td>\n",
       "      <td>NaN</td>\n",
       "      <td>Q</td>\n",
       "      <td>8.458300</td>\n",
       "      <td>Moran, Mr. James</td>\n",
       "      <td>0</td>\n",
       "      <td>6</td>\n",
       "      <td>3</td>\n",
       "      <td>male</td>\n",
       "      <td>...</td>\n",
       "      <td>train</td>\n",
       "      <td>N</td>\n",
       "      <td>0</td>\n",
       "      <td>0</td>\n",
       "      <td>0</td>\n",
       "      <td>0</td>\n",
       "      <td>0</td>\n",
       "      <td>0</td>\n",
       "      <td>1</td>\n",
       "      <td>0</td>\n",
       "    </tr>\n",
       "    <tr>\n",
       "      <th>17</th>\n",
       "      <td>17</td>\n",
       "      <td>NaN</td>\n",
       "      <td>NaN</td>\n",
       "      <td>S</td>\n",
       "      <td>13.000000</td>\n",
       "      <td>Williams, Mr. Charles Eugene</td>\n",
       "      <td>0</td>\n",
       "      <td>18</td>\n",
       "      <td>2</td>\n",
       "      <td>male</td>\n",
       "      <td>...</td>\n",
       "      <td>train</td>\n",
       "      <td>N</td>\n",
       "      <td>0</td>\n",
       "      <td>0</td>\n",
       "      <td>0</td>\n",
       "      <td>0</td>\n",
       "      <td>0</td>\n",
       "      <td>0</td>\n",
       "      <td>1</td>\n",
       "      <td>0</td>\n",
       "    </tr>\n",
       "    <tr>\n",
       "      <th>19</th>\n",
       "      <td>19</td>\n",
       "      <td>NaN</td>\n",
       "      <td>NaN</td>\n",
       "      <td>C</td>\n",
       "      <td>7.225000</td>\n",
       "      <td>Masselmani, Mrs. Fatima</td>\n",
       "      <td>0</td>\n",
       "      <td>20</td>\n",
       "      <td>3</td>\n",
       "      <td>female</td>\n",
       "      <td>...</td>\n",
       "      <td>train</td>\n",
       "      <td>N</td>\n",
       "      <td>0</td>\n",
       "      <td>0</td>\n",
       "      <td>0</td>\n",
       "      <td>0</td>\n",
       "      <td>0</td>\n",
       "      <td>0</td>\n",
       "      <td>1</td>\n",
       "      <td>0</td>\n",
       "    </tr>\n",
       "    <tr>\n",
       "      <th>26</th>\n",
       "      <td>26</td>\n",
       "      <td>NaN</td>\n",
       "      <td>NaN</td>\n",
       "      <td>C</td>\n",
       "      <td>7.225000</td>\n",
       "      <td>Emir, Mr. Farred Chehab</td>\n",
       "      <td>0</td>\n",
       "      <td>27</td>\n",
       "      <td>3</td>\n",
       "      <td>male</td>\n",
       "      <td>...</td>\n",
       "      <td>train</td>\n",
       "      <td>N</td>\n",
       "      <td>0</td>\n",
       "      <td>0</td>\n",
       "      <td>0</td>\n",
       "      <td>0</td>\n",
       "      <td>0</td>\n",
       "      <td>0</td>\n",
       "      <td>1</td>\n",
       "      <td>0</td>\n",
       "    </tr>\n",
       "    <tr>\n",
       "      <th>28</th>\n",
       "      <td>28</td>\n",
       "      <td>NaN</td>\n",
       "      <td>NaN</td>\n",
       "      <td>Q</td>\n",
       "      <td>7.879200</td>\n",
       "      <td>O'Dwyer, Miss. Ellen \"Nellie\"</td>\n",
       "      <td>0</td>\n",
       "      <td>29</td>\n",
       "      <td>3</td>\n",
       "      <td>female</td>\n",
       "      <td>...</td>\n",
       "      <td>train</td>\n",
       "      <td>N</td>\n",
       "      <td>0</td>\n",
       "      <td>0</td>\n",
       "      <td>0</td>\n",
       "      <td>0</td>\n",
       "      <td>0</td>\n",
       "      <td>0</td>\n",
       "      <td>1</td>\n",
       "      <td>0</td>\n",
       "    </tr>\n",
       "    <tr>\n",
       "      <th>29</th>\n",
       "      <td>29</td>\n",
       "      <td>NaN</td>\n",
       "      <td>NaN</td>\n",
       "      <td>S</td>\n",
       "      <td>7.895800</td>\n",
       "      <td>Todoroff, Mr. Lalio</td>\n",
       "      <td>0</td>\n",
       "      <td>30</td>\n",
       "      <td>3</td>\n",
       "      <td>male</td>\n",
       "      <td>...</td>\n",
       "      <td>train</td>\n",
       "      <td>N</td>\n",
       "      <td>0</td>\n",
       "      <td>0</td>\n",
       "      <td>0</td>\n",
       "      <td>0</td>\n",
       "      <td>0</td>\n",
       "      <td>0</td>\n",
       "      <td>1</td>\n",
       "      <td>0</td>\n",
       "    </tr>\n",
       "    <tr>\n",
       "      <th>31</th>\n",
       "      <td>31</td>\n",
       "      <td>NaN</td>\n",
       "      <td>B78</td>\n",
       "      <td>C</td>\n",
       "      <td>146.520798</td>\n",
       "      <td>Spencer, Mrs. William Augustus (Marie Eugenie)</td>\n",
       "      <td>0</td>\n",
       "      <td>32</td>\n",
       "      <td>1</td>\n",
       "      <td>female</td>\n",
       "      <td>...</td>\n",
       "      <td>train</td>\n",
       "      <td>B</td>\n",
       "      <td>1</td>\n",
       "      <td>0</td>\n",
       "      <td>0</td>\n",
       "      <td>0</td>\n",
       "      <td>0</td>\n",
       "      <td>0</td>\n",
       "      <td>0</td>\n",
       "      <td>0</td>\n",
       "    </tr>\n",
       "    <tr>\n",
       "      <th>32</th>\n",
       "      <td>32</td>\n",
       "      <td>NaN</td>\n",
       "      <td>NaN</td>\n",
       "      <td>Q</td>\n",
       "      <td>7.750000</td>\n",
       "      <td>Glynn, Miss. Mary Agatha</td>\n",
       "      <td>0</td>\n",
       "      <td>33</td>\n",
       "      <td>3</td>\n",
       "      <td>female</td>\n",
